0001.111 303.864302 -57.550852 
0002.111 303.057736 -57.596078 
0003.111 302.223256 -57.581016 
0004.111 301.449563 -57.618403 
0005.111 300.541200 -57.707595 
0006.111 299.740458 -57.873445 
0007.111 299.067699 -58.062012 
0008.111 298.400286 -58.307397 
0009.111 297.619860 -58.488007 
0010.111 296.829476 -58.684096 
0011.111 296.090206 -58.881378 
0012.111 295.318890 -58.995384 
0013.111 294.546251 -59.264355 
0014.111 293.725021 -59.382185 
0015.111 292.789645 -59.525366 
0016.111 291.997548 -59.780647 
0017.111 291.363466 -59.993293 
0018.111 290.555129 -60.181588 
0019.111 289.853735 -60.375544 
0020.111 288.944184 -60.606330 
0021.111 288.059085 -60.836994 
0022.111 287.204158 -61.056038 
0023.111 286.564513 -61.096584 
0024.111 285.789607 -61.114268 
0025.111 284.999094 -61.320980 
0026.111 284.133641 -61.170203 
0027.111 283.578932 -61.147304 
0028.111 282.697501 -61.047726 
0029.111 281.996178 -61.114869 
0030.111 281.263638 -61.360391 
0031.111 280.536647 -61.464758 
0032.111 279.469004 -61.442193 
0033.111 278.793118 -61.561810 
0034.111 278.958254 -62.344158 
0035.111 278.124157 -62.537682 
0036.111 277.422520 -62.737413 
0037.111 276.773402 -62.912977 
0038.111 275.742232 -63.045102 
0039.111 275.055456 -63.183927 
0040.111 273.929598 -63.443323 
0041.111 273.196648 -63.616885 
0042.111 272.449782 -63.709000 
0043.111 271.702110 -63.572731 
0044.111 270.786483 -63.103735 
0045.111 270.063021 -63.447530 
0046.111 269.199927 -63.724193 
0047.111 268.415744 -63.995499 
0048.111 267.565354 -64.238304 
0049.111 266.804840 -64.498315 
0050.111 266.050861 -64.701354 
0051.111 265.337615 -64.924999 
0052.111 264.468836 -65.261590 
0053.111 263.901160 -65.452699 
0054.111 263.267496 -65.505557 
0055.111 262.595848 -65.680859 
0056.111 261.696395 -65.979753 
0057.111 260.794746 -66.299582 
0058.111 259.957142 -66.697892 
0059.111 259.385279 -66.956217 
0060.111 258.539163 -67.345326 
0061.111 257.924855 -67.550911 
0062.111 257.376812 -67.764395 
0063.111 256.900697 -68.248352 
0064.111 256.353199 -68.484699 
0065.111 254.978206 -69.064585 
0066.111 254.049809 -69.389313 
0067.111 253.257975 -69.575516 
0068.111 252.407258 -69.861916 
0069.111 251.699272 -70.140121 
0070.111 250.852741 -70.290936 
0071.111 250.158456 -70.495264 
0072.111 249.333175 -70.795956 
0073.111 248.359273 -71.170114 
0074.111 247.640710 -71.402899 
0075.111 246.930031 -71.656317 
0076.111 246.217701 -71.833603 
0077.111 245.456610 -71.981693 
0078.111 244.836318 -72.068526 
0079.111 244.049414 -72.146415 
0080.111 243.179978 -72.206021 
0081.111 242.516758 -72.227254 
0082.111 241.771652 -72.311760 
0083.111 241.132527 -72.473659 
0084.111 240.200918 -72.669599 
0085.111 239.374513 -72.857317 
0086.111 238.609658 -72.932811 
0087.111 237.833236 -73.456831 
0088.111 237.101583 -74.241904 
0089.111 236.550555 -74.779724 
0090.111 235.383662 -74.646326 
0091.111 234.494785 -74.355700 
0092.111 233.715587 -74.084240 
0093.111 233.040394 -73.934597 
0094.111 232.414909 -75.162569 
0095.111 231.647719 -76.712015 
0096.111 231.099791 -77.702205 
0097.111 230.457364 -77.993903 
0098.111 229.568097 -77.666305 
0099.111 228.482493 -77.507421 
0100.111 227.426703 -77.396264 
0101.111 226.454878 -77.328810 
0102.111 225.520321 -77.299664 
0103.111 224.716576 -77.333006 
0104.111 223.937820 -77.601328 
0105.111 223.128757 -77.747431 
0106.111 222.259965 -77.880188 
0107.111 221.555902 -77.976184 
0108.111 220.735525 -78.074952 
0109.111 220.110710 -78.210810 
0110.111 219.352621 -78.341355 
0111.111 218.461929 -78.392033 
0112.111 217.608985 -78.471443 
0113.111 216.931299 -78.623659 
0114.111 216.155296 -78.837689 
0115.111 215.459053 -78.997514 
0116.111 214.614184 -79.184233 
0117.111 213.961620 -79.301189 
0118.111 213.169274 -79.492575 
0119.111 212.501838 -79.637978 
0120.111 211.706808 -79.747374 
0121.111 210.929953 -79.832106 
0122.111 210.198390 -80.015397 
0123.111 209.498181 -80.175073 
0124.111 208.720641 -80.350328 
0125.111 207.904248 -80.547385 
0126.111 207.057879 -80.716512 
0127.111 206.296389 -80.947073 
0128.111 205.442955 -81.290110 
0129.111 204.640162 -81.369660 
0130.111 203.681907 -81.422800 
0131.111 202.786454 -81.438325 
0132.111 201.743366 -81.547636 
0133.111 201.053176 -81.814964 
0134.111 200.436774 -82.197158 
0135.111 199.741200 -82.330111 
0136.111 198.921279 -82.395780 
0137.111 198.176604 -82.537357 
0138.111 197.472717 -82.797242 
0139.111 196.967321 -83.197719 
0140.111 196.337397 -83.630847 
0141.111 195.678146 -83.953273 
0142.111 194.877309 -84.217115 
0143.111 194.406006 -84.405934 
0144.111 193.715888 -84.604854 
0145.111 193.063275 -84.834298 
0146.111 192.112411 -85.159596 
0147.111 191.457987 -85.293426 
0148.111 190.615371 -85.502513 
0149.111 189.951014 -85.709188 
0150.111 189.139934 -86.020318 
0151.111 188.341444 -86.270482 
0152.111 187.540256 -86.557504 
0153.111 186.801540 -86.787336 
0154.111 185.990643 -86.964000 
0155.111 185.166452 -87.256584 
0156.111 184.329266 -87.607113 
0157.111 183.674173 -87.812686 
0158.111 182.896412 -88.120016 
0159.111 182.152234 -88.402299 
0160.111 181.346579 -88.619087 
0161.111 180.666051 -88.801699 
0162.111 179.790851 -89.035153 
0163.111 178.945997 -89.254184 
0164.111 178.082312 -89.525374 
0165.111 177.398676 -89.718549 
0166.111 176.577835 -90.042931 
0167.111 175.984728 -90.245820 
0168.111 175.145783 -90.526942 
0169.111 174.424242 -90.776960 
0170.111 173.503365 -91.030038 
0171.111 172.768394 -91.216295 
0172.111 171.952879 -91.504826 
0173.111 171.182620 -91.735476 
0174.111 170.284406 -91.850441 
0175.111 169.612988 -92.061458 
0176.111 168.756242 -92.243998 
0177.111 168.046510 -92.373003 
0178.111 167.175234 -92.630151 
0179.111 166.524738 -92.952479 
0180.111 165.646294 -93.061314 
0181.111 164.961196 -93.047105 
0182.111 164.099618 -93.037000 
0183.111 163.262420 -93.037000 
0184.111 162.463702 -92.992167 
0185.111 161.694131 -92.910059 
0186.111 160.808905 -92.871935 
0187.111 159.994001 -92.865297 
0188.111 159.158261 -92.925914 
0189.111 158.292776 -92.911627 
0190.111 157.381541 -93.091905 
0191.111 157.004172 -93.478334 
0192.111 156.267442 -93.954622 
0193.111 155.606012 -94.265503 
0194.111 154.903906 -94.846866 
0195.111 154.481892 -95.524543 
0196.111 154.060384 -96.382559 
0197.111 153.791531 -97.069325 
0198.111 153.612849 -97.619541 
0199.111 153.613298 -98.514554 
0200.111 153.831916 -98.946136 
0201.111 154.700094 -99.515394 
0202.111 155.337560 -100.078576 
0203.111 156.062551 -100.644267 
0204.111 156.780849 -101.236289 
0205.111 157.364037 -101.750006 
0206.111 158.090464 -102.332569 
0207.111 158.681652 -102.780879 
0208.111 159.337333 -103.394654 
0209.111 159.959359 -103.810157 
0210.111 160.690805 -104.303330 
0211.111 161.368945 -104.625059 
0212.111 162.173207 -105.100255 
0213.111 162.801813 -105.514993 
0214.111 163.556998 -105.961485 
0215.111 164.205797 -106.456958 
0216.111 165.029320 -107.095053 
0217.111 165.674904 -107.600283 
0218.111 166.392189 -108.136834 
0219.111 167.024522 -108.613477 
0220.111 167.586169 -109.170840 
0221.111 168.099786 -109.639047 
0222.111 168.859207 -110.163053 
0223.111 169.498097 -110.585448 
0224.111 170.182754 -111.092219 
0225.111 170.905754 -111.311000 
0226.111 171.625875 -111.776246 
0227.111 172.347861 -112.323435 
0228.111 173.079427 -112.940840 
0229.111 173.594000 -113.468026 
0230.111 174.348404 -114.022489 
0231.111 174.936593 -114.555990 
0232.111 175.578495 -115.136115 
0233.111 176.183306 -115.577196 
0234.111 176.809080 -116.160983 
0235.111 177.369422 -116.623117 
0236.111 178.094477 -117.388232 
0237.111 178.599572 -117.903105 
0238.111 179.144873 -118.643076 
0239.111 179.624377 -119.220893 
0240.111 180.282148 -119.891113 
0241.111 180.736615 -120.425204 
0242.111 181.257717 -121.063691 
0243.111 181.828506 -121.841171 
0244.111 182.377037 -122.594830 
0245.111 182.687063 -123.066952 
0246.111 183.120248 -123.749146 
0247.111 183.476163 -124.249121 
0248.111 183.958656 -124.985805 
0249.111 184.403858 -125.492945 
0250.111 184.747531 -126.207681 
0251.111 185.085929 -127.018124 
0252.111 185.465269 -127.575323 
0253.111 185.932150 -128.738773 
0254.111 186.155252 -129.792657 
0255.111 186.306620 -130.850706 
0256.111 186.585288 -132.098809 
0257.111 186.933524 -133.134191 
0258.111 187.394536 -133.610413 
0259.111 187.998537 -133.856110 
0260.111 188.454685 -134.452625 
0261.111 189.110021 -135.118648 
0262.111 189.672552 -135.883396 
0263.111 189.787288 -136.401436 
0264.111 190.241873 -137.041810 
0265.111 190.603773 -137.678411 
0266.111 191.282183 -138.421025 
0267.111 191.754996 -139.124117 
0268.111 192.336434 -140.036101 
0269.111 192.290388 -140.581090 
0270.111 192.372047 -141.092879 
0271.111 192.404268 -141.472447 
0272.111 192.479383 -141.989534 
0273.111 192.724674 -142.533701 
0274.111 193.355579 -143.081963 
0275.111 193.581864 -143.178634 
0276.111 194.121481 -144.109216 
0277.111 194.766082 -144.829790 
0278.111 195.017617 -145.923573 
0279.111 195.300302 -146.743033 
0280.111 195.499373 -147.943474 
0281.111 195.764144 -148.713834 
0282.111 196.369951 -149.603362 
0283.111 196.887382 -150.494006 
0284.111 196.905953 -151.483682 
0285.111 196.860000 -152.144900 
0286.111 197.103086 -153.080830 
0287.111 197.198311 -154.040376 
0288.111 197.229113 -154.842622 
0289.111 197.377545 -155.547545 
0290.111 197.921070 -156.379335 
0291.111 198.434723 -157.114914 
0292.111 198.582208 -158.085488 
0293.111 198.331878 -159.054070 
0294.111 198.041394 -159.993668 
0295.111 197.451433 -160.717969 
0296.111 197.086617 -161.624098 
0297.111 197.155819 -162.296370 
0298.111 196.923706 -162.928158 
0299.111 196.725705 -163.365794 
0300.111 196.273110 -164.456731 
0301.111 195.976529 -165.526990 
0302.111 196.001889 -166.645762 
0303.111 196.176606 -167.615980 
0304.111 196.353688 -168.539412 
0305.111 196.393236 -168.938331 
0306.111 197.003415 -169.924286 
0307.111 197.609113 -170.204232 
0308.111 198.528209 -170.186089 
0309.111 199.350128 -170.058403 
0310.111 200.333497 -169.910673 
0311.111 200.842122 -169.490393 
0312.111 201.612083 -168.943196 
0313.111 202.371536 -168.541814 
0314.111 203.526317 -168.041785 
0315.111 204.512398 -167.700379 
0316.111 205.982759 -167.406714 
0317.111 206.257294 -167.035137 
0318.111 206.429350 -166.692776 
0319.111 206.909124 -166.408983 
0320.111 207.870323 -166.137279 
0321.111 208.392363 -165.834613 
0322.111 209.286034 -165.683088 
0323.111 210.219667 -165.554082 
0324.111 211.439086 -165.410774 
0325.111 212.319869 -165.212000 
0326.111 213.279747 -164.991646 
0327.111 214.112434 -164.799460 
0328.111 215.180277 -164.542119 
0329.111 216.162271 -164.330364 
0330.111 217.149554 -164.113528 
0331.111 218.099432 -163.900906 
0332.111 219.071125 -163.656947 
0333.111 219.880437 -163.458741 
0334.111 220.931966 -163.245212 
0335.111 221.696384 -163.114808 
0336.111 222.717092 -163.062470 
0337.111 223.608332 -163.111859 
0338.111 224.717579 -163.262162 
0339.111 225.593090 -163.434788 
0340.111 226.637319 -163.746617 
0341.111 227.566831 -164.073602 
0342.111 228.546016 -164.445574 
0343.111 229.383199 -164.705585 
0344.111 230.302590 -164.943809 
0345.111 231.028330 -165.262162 
0346.111 232.018901 -165.784936 
0347.111 232.746862 -166.256290 
0348.111 233.642073 -166.908894 
0349.111 234.422593 -167.566470 
0350.111 235.245007 -168.338638 
0351.111 235.873670 -168.904779 
0352.111 236.782200 -169.713748 
0353.111 237.492518 -170.359341 
0354.111 238.404897 -170.917221 
0355.111 239.148797 -171.531376 
0356.111 240.055344 -172.150492 
0357.111 240.718764 -172.702731 
0358.111 241.571704 -173.275064 
0359.111 242.165473 -173.872981 
0360.111 243.091988 -174.328088 
0361.111 243.918008 -174.489063 
0362.111 244.920237 -174.719580 
0363.111 245.790593 -174.606201 
0364.111 246.911762 -174.366145 
0365.111 247.818744 -174.187091 
0366.111 248.931013 -174.035389 
0367.111 249.737536 -173.911584 
0368.111 250.723626 -173.786079 
0369.111 251.508578 -173.609435 
0370.111 252.438459 -173.447591 
0371.111 253.026907 -173.138454 
0372.111 253.900452 -172.697480 
0373.111 254.755327 -172.465034 
0374.111 256.110625 -172.294453 
0375.111 256.901408 -171.889347 
0376.111 257.762919 -171.463301 
0377.111 258.398590 -171.096775 
0378.111 259.255335 -170.713542 
0379.111 260.070867 -170.471255 
0380.111 261.157400 -170.338718 
0381.111 261.935940 -170.092931 
0382.111 262.753292 -169.783793 
0383.111 263.459205 -169.457649 
0384.111 264.742987 -169.209118 
0385.111 265.664419 -168.990554 
0386.111 266.784374 -168.732535 
0387.111 267.849120 -168.554489 
0388.111 268.962268 -168.262013 
0389.111 269.733005 -167.849659 
0390.111 270.737272 -167.522000 
0391.111 271.579404 -167.336262 
0392.111 272.232459 -166.634017 
0393.111 273.031414 -166.307280 
0394.111 274.124514 -166.119638 
0395.111 275.079729 -166.082011 
0396.111 275.932376 -165.897725 
0397.111 276.666956 -165.620047 
0398.111 277.621652 -165.214924 
0399.111 278.433136 -164.828367 
0400.111 279.413074 -164.301728 
0401.111 280.228201 -163.802796 
0402.111 281.202298 -163.014026 
0403.111 281.968192 -162.583723 
0404.111 282.809586 -162.310305 
0405.111 283.591047 -161.777861 
0406.111 284.375298 -160.605877 
0407.111 284.831143 -159.484821 
0408.111 285.684367 -158.630377 
0409.111 286.491852 -158.404512 
0410.111 287.403448 -158.128546 
0411.111 288.106920 -157.806519 
0412.111 288.827221 -157.179864 
0413.111 289.386749 -156.469810 
0414.111 290.011843 -155.530954 
0415.111 290.553077 -154.709583 
0416.111 291.228184 -153.825180 
0417.111 291.876959 -153.182954 
0418.111 292.824602 -152.656245 
0419.111 293.698599 -152.380406 
0420.111 294.589399 -152.037547 
0421.111 295.353610 -151.674026 
0422.111 295.946923 -151.260187 
0423.111 296.206426 -150.915037 
0424.111 296.525592 -150.447051 
0425.111 297.100165 -150.206096 
0426.111 298.091316 -149.911173 
0427.111 298.822421 -149.610461 
0428.111 299.504870 -149.255027 
0429.111 300.049820 -149.003075 
0430.111 301.563723 -148.874799 
0431.111 302.417957 -148.390240 
0432.111 303.364222 -147.940793 
0433.111 304.180245 -147.344173 
0434.111 304.968940 -146.835221 
0435.111 305.623867 -146.449656 
0436.111 306.567173 -146.073948 
0437.111 307.709288 -145.833036 
0438.111 308.556999 -145.376951 
0439.111 309.233823 -145.188425 
0440.111 309.685407 -143.939005 
0441.111 310.382741 -143.555186 
0442.111 311.665323 -143.182897 
0443.111 312.303701 -142.514868 
0444.111 313.355430 -142.238147 
0445.111 314.094050 -141.869130 
0446.111 314.965175 -141.643336 
0447.111 316.630192 -141.644195 
0448.111 317.919703 -141.652386 
0449.111 318.884782 -141.487601 
0450.111 319.756246 -141.021377 
0451.111 320.455389 -140.693844 
0452.111 321.480746 -140.378322 
0453.111 322.373424 -140.072844 
0454.111 323.119792 -139.584229 
0455.111 323.747091 -139.180688 
0456.111 324.441850 -138.745352 
0457.111 325.016498 -138.413608 
0458.111 325.763876 -138.050580 
0459.111 326.506174 -137.566545 
0460.111 326.980857 -136.751964 
0461.111 327.401032 -136.026246 
0462.111 327.947183 -135.395959 
0463.111 328.513871 -134.943714 
0464.111 329.279892 -134.723995 
0465.111 330.042436 -134.605753 
0466.111 330.869892 -134.508324 
0467.111 331.607396 -134.184733 
0468.111 332.206537 -133.702415 
0469.111 332.485907 -133.094658 
0470.111 333.040810 -132.463933 
0471.111 333.716547 -132.083780 
0472.111 334.538908 -131.924104 
0473.111 335.288754 -131.766085 
0474.111 336.226898 -131.666460 
0475.111 336.995420 -131.502474 
0476.111 337.841296 -131.005433 
0477.111 338.505060 -130.732575 
0478.111 339.299144 -130.443401 
0479.111 340.036313 -130.166019 
0480.111 340.770926 -129.917589 
0481.111 341.377551 -129.715935 
0482.111 342.168408 -129.302679 
0483.111 342.881333 -128.959788 
0484.111 343.725332 -128.711605 
0485.111 344.365398 -128.605967 
0486.111 345.276611 -128.448095 
0487.111 345.923691 -128.273197 
0488.111 346.730821 -127.989465 
0489.111 347.610872 -127.775616 
0490.111 348.459261 -127.736785 
0491.111 349.152611 -127.918994 
0492.111 350.017293 -127.736379 
0493.111 350.778185 -127.638101 
0494.111 351.648729 -127.592114 
0495.111 352.564325 -127.447203 
0496.111 353.426563 -127.339437 
0497.111 354.148708 -127.103947 
0498.111 354.946227 -126.761673 
0499.111 355.581815 -126.509327 
0500.111 356.388681 -126.306748 
0501.111 357.132560 -126.111203 
0502.111 357.993245 -125.851180 
0503.111 358.805670 -125.543219 
0504.111 359.622857 -125.319683 
0505.111 360.219523 -125.181557 
0506.111 360.926158 -125.027961 
0507.111 361.498028 -124.878030 
0508.111 362.148925 -124.625756 
0509.111 362.924086 -124.385659 
0510.111 363.669439 -124.167344 
0511.111 364.339426 -123.908101 
0512.111 365.144136 -123.678851 
0513.111 365.819579 -123.495246 
0514.111 366.635275 -123.252018 
0515.111 367.373758 -123.065673 
0516.111 368.179908 -122.977749 
0517.111 368.896201 -122.930417 
0518.111 369.792425 -122.917571 
0519.111 370.631653 -122.963033 
0520.111 371.556938 -123.080507 
0521.111 372.320343 -123.141031 
0522.111 373.155447 -123.213157 
0523.111 374.188986 -123.273934 
0524.111 375.123143 -123.256845 
0525.111 375.814210 -123.226713 
0526.111 376.690721 -123.080420 
0527.111 377.336831 -122.917480 
0528.111 378.128039 -122.761007 
0529.111 379.107195 -122.582126 
0530.111 379.929975 -122.285152 
0531.111 380.614803 -121.955172 
0532.111 381.408043 -121.619633 
0533.111 382.017275 -121.367404 
0534.111 382.830996 -121.016111 
0535.111 383.579091 -120.709040 
0536.111 384.487494 -120.457193 
0537.111 385.157551 -120.267134 
0538.111 386.019872 -120.081493 
0539.111 386.753575 -119.902404 
0540.111 387.587257 -119.703693 
0541.111 388.261886 -119.558987 
0542.111 388.672908 -119.163970 
0543.111 389.016039 -118.760857 
0544.111 389.794499 -118.553990 
0545.111 390.606836 -118.273286 
0546.111 391.369048 -117.998856 
0547.111 392.033470 -117.854869 
0548.111 392.803680 -117.759960 
0549.111 393.464705 -117.528626 
0550.111 393.975584 -117.214806 
0551.111 394.622060 -116.761503 
0552.111 395.294551 -116.405074 
0553.111 396.017897 -116.086845 
0554.111 396.847462 -115.649248 
0555.111 397.586000 -115.430838 
0556.111 398.389249 -115.108940 
0557.111 399.317619 -114.838459 
0558.111 400.116518 -114.722030 
0559.111 400.992605 -114.689652 
0560.111 401.685509 -115.641102 
0561.111 402.431913 -116.525283 
0562.111 403.244951 -116.709173 
0563.111 404.157635 -116.500226 
0564.111 405.020477 -116.852454 
0565.111 406.085225 -116.282267 
0566.111 406.820178 -116.207625 
0567.111 407.560629 -116.684474 
0568.111 408.138407 -117.174861 
0569.111 408.746812 -118.070227 
0570.111 409.237477 -118.755614 
0571.111 409.677180 -119.431537 
0572.111 409.956498 -120.084049 
0573.111 409.719316 -120.546536 
0574.111 409.389129 -120.980842 
0575.111 409.124689 -121.447689 
0576.111 409.050672 -122.076875 
0577.111 409.231950 -122.769726 
0578.111 409.574158 -123.509860 
0579.111 409.592096 -123.974144 
0580.111 409.712738 -124.734402 
0581.111 409.726545 -125.427643 
0582.111 409.577490 -126.104669 
0583.111 409.487428 -126.889130 
0584.111 409.444078 -127.638030 
0585.111 409.543249 -128.363484 
0586.111 410.026461 -129.189179 
0587.111 410.227210 -129.973129 
0588.111 410.349032 -130.697494 
0589.111 410.422191 -131.265468 
0590.111 410.524727 -131.941056 
0591.111 410.634808 -132.579444 
0592.111 410.694506 -133.351175 
0593.111 410.569385 -133.886893 
0594.111 410.787699 -134.609594 
0595.111 410.862600 -135.140189 
0596.111 410.915707 -135.812945 
0597.111 411.004483 -136.491004 
0598.111 411.550404 -137.280834 
0599.111 412.136836 -138.256539 
0600.111 412.290889 -139.600337 
0601.111 412.553541 -140.687719 
0602.111 412.851180 -141.876551 
0603.111 413.120159 -142.694395 
0604.111 413.553997 -143.495778 
0605.111 413.983021 -144.163223 
0606.111 414.266641 -144.872376 
0607.111 414.518392 -145.559510 
0608.111 414.752552 -146.256377 
0609.111 414.996234 -147.051823 
0610.111 415.192105 -147.752615 
0611.111 415.372370 -148.454284 
0612.111 415.546198 -149.190288 
0613.111 415.684528 -149.823183 
0614.111 415.837633 -150.578056 
0615.111 415.973221 -151.298465 
0616.111 416.107565 -152.063194 
0617.111 416.227125 -152.787028 
0618.111 416.347480 -153.555165 
0619.111 416.460179 -154.306407 
0620.111 416.568998 -155.055076 
0621.111 416.661899 -155.706399 
0622.111 416.779935 -156.540476 
0623.111 416.878212 -157.232146 
0624.111 416.994167 -158.035122 
0625.111 417.094818 -158.713802 
0626.111 417.215527 -159.498787 
0627.111 417.321378 -160.157723 
0628.111 417.451106 -160.925681 
0629.111 417.573985 -161.612833 
0630.111 417.736835 -162.465627 
0631.111 417.871696 -163.125328 
0632.111 418.045225 -163.918002 
0633.111 418.204161 -164.594266 
0634.111 418.404352 -165.386576 
0635.111 418.667314 -166.340611 
0636.111 418.899777 -167.114435 
0637.111 419.116941 -167.787168 
0638.111 419.392969 -168.582349 
0639.111 419.683012 -169.356118 
0640.111 419.993219 -170.124189 
0641.111 420.388897 -171.028682 
0642.111 421.102594 -171.826851 
0643.111 421.649292 -172.408572 
0644.111 422.328891 -173.234228 
0645.111 422.932094 -173.934705 
0646.111 423.467206 -174.714332 
0647.111 423.733061 -175.410129 
0648.111 424.081758 -176.265874 
0649.111 424.317000 -176.991401 
0650.111 424.706241 -177.786017 
0651.111 425.045520 -178.514091 
0652.111 425.561404 -179.369801 
0653.111 426.000399 -180.082516 
0654.111 426.529210 -180.879970 
0655.111 426.957698 -181.559943 
0656.111 427.464259 -182.359131 
0657.111 428.046644 -183.245838 
0658.111 428.514797 -183.954001 
0659.111 428.787118 -184.681363 
0660.111 429.128677 -185.471765 
0661.111 429.577894 -186.211453 
0662.111 429.898197 -186.956187 
0663.111 430.055712 -187.383442 
0664.111 430.320636 -188.480860 
0665.111 430.654531 -189.109267 
0666.111 430.744533 -189.850825 
0667.111 430.749653 -190.631271 
0668.111 430.655395 -191.105999 
0669.111 431.437411 -191.896413 
0670.111 432.071766 -192.599490 
0671.111 431.713276 -193.086051 
0672.111 430.966675 -193.603345 
0673.111 430.834238 -194.212069 
0674.111 430.916518 -194.938967 
0675.111 431.567486 -195.558508 
0676.111 432.029543 -196.321234 
0677.111 432.093172 -196.930424 
0678.111 432.380071 -197.694626 
0679.111 433.206618 -198.695242 
0680.111 433.781253 -199.413198 
0681.111 434.196871 -200.013151 
0682.111 434.702520 -200.790238 
0683.111 435.188038 -201.434506 
0684.111 435.715594 -202.208088 
0685.111 436.185679 -202.924833 
0686.111 436.767988 -203.757246 
0687.111 437.216360 -204.426959 
0688.111 437.725372 -205.181282 
0689.111 438.174954 -205.730703 
0690.111 438.721896 -206.321750 
0691.111 439.239503 -207.013851 
0692.111 439.735843 -207.782857 
0693.111 440.220761 -208.604972 
0694.111 440.718952 -209.471627 
0695.111 441.197459 -210.149684 
0696.111 441.698387 -211.045659 
0697.111 442.105850 -211.736644 
0698.111 442.655430 -212.600802 
0699.111 443.140002 -213.363009 
0700.111 443.619905 -214.174849 
0701.111 444.080177 -214.984517 
0702.111 444.297575 -215.783452 
0703.111 444.690348 -216.453845 
0704.111 445.252468 -217.239915 
0705.111 445.696750 -217.854136 
0706.111 446.189362 -218.614101 
0707.111 446.846059 -219.584195 
0708.111 447.317439 -220.353243 
0709.111 447.676814 -221.099918 
0710.111 448.196602 -221.902838 
0711.111 448.636157 -222.451511 
0712.111 449.069974 -223.041645 
0713.111 449.491421 -223.716614 
0714.111 449.919362 -224.382003 
0715.111 450.282324 -224.893952 
0716.111 450.689899 -225.614657 
0717.111 451.125082 -226.367270 
0718.111 451.626779 -227.103396 
0719.111 452.158329 -227.827764 
0720.111 452.620832 -228.446225 
0721.111 453.080847 -228.995548 
0722.111 453.565164 -229.721797 
0723.111 453.950738 -230.379071 
0724.111 454.293000 -231.046000 
0725.111 454.967971 -231.792291 
0726.111 455.343116 -232.480873 
0727.111 455.871213 -232.980750 
0728.111 456.328174 -233.593415 
0729.111 456.703399 -234.234188 
0730.111 457.191635 -235.041944 
0731.111 457.585118 -235.832178 
0732.111 457.964971 -236.518831 
0733.111 458.329607 -237.158419 
0734.111 458.709918 -237.899115 
0735.111 459.036379 -238.561115 
0736.111 459.461473 -239.365641 
0737.111 459.834153 -240.033742 
0738.111 460.266888 -240.906630 
0739.111 460.651211 -241.686377 
0740.111 461.084336 -242.515064 
0741.111 461.564122 -243.299830 
0742.111 461.795814 -244.135538 
0743.111 461.937995 -244.819894 
0744.111 462.087000 -245.466713 
0745.111 462.060812 -246.271441 
0746.111 461.955277 -246.772579 
0747.111 461.878833 -247.324473 
0748.111 461.664811 -248.100628 
0749.111 461.329513 -248.824976 
0750.111 460.690171 -249.540663 
0751.111 460.173439 -250.377544 
0752.111 459.766902 -251.116470 
0753.111 459.672466 -251.496912 
0754.111 459.629273 -251.771524 
0755.111 459.574244 -252.015649 
0756.111 459.250074 -252.428842 
0757.111 458.740077 -252.807165 
0758.111 458.537038 -253.043022 
0759.111 458.316415 -253.297325 
0760.111 457.205485 -254.171957 
0761.111 456.088713 -254.789622 
0762.111 455.410374 -255.176249 
0763.111 454.703202 -255.317270 
0764.111 453.616801 -255.301003 
0765.111 452.749494 -255.549416 
0766.111 452.766570 -256.578859 
0767.111 452.788235 -257.459338 
0768.111 452.148258 -257.852273 
0769.111 451.462439 -258.208580 
0770.111 450.675409 -258.550753 
0771.111 449.901796 -258.885198 
0772.111 449.141805 -259.269732 
0773.111 448.531718 -259.727023 
0774.111 447.926971 -260.425880 
0775.111 447.298514 -261.029387 
0776.111 446.554561 -261.190739 
0777.111 445.585951 -261.536742 
0778.111 444.782558 -261.906751 
0779.111 444.113761 -262.328564 
0780.111 443.404613 -262.615842 
0781.111 442.161320 -262.604402 
0782.111 441.399531 -263.003097 
0783.111 440.915186 -263.524358 
0784.111 440.679563 -264.285608 
0785.111 439.829704 -264.986682 
0786.111 439.334431 -265.420312 
0787.111 439.148843 -265.769350 
0788.111 438.725724 -266.226730 
0789.111 438.028955 -266.727485 
0790.111 436.963775 -267.267257 
0791.111 435.631819 -267.573525 
0792.111 434.265465 -267.601254 
0793.111 433.601481 -267.786825 
0794.111 432.819098 -268.142162 
0795.111 432.092787 -268.654042 
0796.111 431.070488 -269.058692 
0797.111 430.380066 -269.470462 
0798.111 429.772297 -269.812827 
0799.111 429.147792 -270.301355 
0800.111 428.530705 -270.851672 
0801.111 427.344765 -271.118305 
0802.111 426.768520 -271.599035 
0803.111 425.703457 -271.498322 
0804.111 424.696514 -271.535669 
0805.111 423.998368 -271.883510 
0806.111 423.169895 -272.300617 
0807.111 422.612998 -272.685136 
0808.111 421.322357 -273.103578 
0809.111 420.633474 -273.495352 
0810.111 419.759027 -273.962261 
0811.111 418.668985 -274.216043 
0812.111 416.767040 -274.347865 
0813.111 415.520164 -274.476089 
0814.111 414.744748 -274.821559 
0815.111 414.302433 -275.216826 
0816.111 413.504621 -275.551842 
0817.111 412.859576 -275.806314 
0818.111 412.042057 -276.027516 
0819.111 410.996430 -276.202019 
0820.111 410.659062 -277.228450 
0821.111 410.303642 -278.319475 
0822.111 409.553450 -278.686666 
0823.111 409.029070 -278.920148 
0824.111 408.631303 -279.439164 
0825.111 408.114353 -279.926142 
0826.111 407.692945 -280.425451 
0827.111 407.227333 -280.845336 
0828.111 406.473714 -281.369180 
0829.111 405.948963 -281.984784 
0830.111 405.029441 -282.538697 
0831.111 404.792987 -282.871697 
0832.111 404.400347 -283.325633 
0833.111 403.249588 -284.015370 
0834.111 402.986832 -284.491664 
0835.111 402.791816 -284.771570 
0836.111 402.501569 -285.348740 
0837.111 401.847159 -285.628497 
0838.111 400.661147 -285.920383 
0839.111 399.929132 -286.194005 
0840.111 399.251368 -286.479588 
0841.111 398.599476 -286.887700 
0842.111 398.080652 -287.198484 
0843.111 397.668635 -287.830727 
0844.111 397.147863 -288.642304 
0845.111 396.641695 -289.243713 
0846.111 395.970252 -289.829761 
0847.111 395.191331 -290.130606 
0848.111 394.621761 -290.356420 
0849.111 393.948873 -290.706457 
0850.111 393.860903 -291.206379 
0851.111 393.459942 -291.369842 
0852.111 393.215761 -291.965195 
0853.111 393.194898 -292.400399 
0854.111 391.735934 -292.541880 
0855.111 391.032218 -292.799905 
0856.111 390.238245 -293.069363 
0857.111 389.376460 -293.185705 
0858.111 387.763402 -293.181218 
0859.111 385.846844 -293.128061 
0860.111 384.440242 -293.089063 
0861.111 384.081877 -293.359408 
0862.111 383.486005 -293.615493 
0863.111 382.983894 -293.958354 
0864.111 382.364098 -294.273397 
0865.111 381.818617 -294.618470 
0866.111 381.266785 -295.178696 
0867.111 380.698093 -295.385000 
0868.111 379.955067 -295.429070 
0869.111 379.380895 -295.558587 
0870.111 378.697640 -295.946022 
0871.111 378.262240 -296.517110 
0872.111 377.763306 -297.257267 
0873.111 377.420406 -297.930553 
0874.111 376.964173 -298.592956 
0875.111 376.538106 -299.256509 
0876.111 375.911377 -299.849683 
0877.111 375.248720 -300.364660 
0878.111 374.533182 -300.923953 
0879.111 373.803825 -301.447387 
0880.111 373.207986 -302.080580 
0881.111 372.658529 -302.639793 
0882.111 372.112443 -303.313458 
0883.111 371.736473 -303.816645 
0884.111 371.280316 -304.432585 
0885.111 370.811104 -304.949809 
0886.111 370.167970 -305.409121 
0887.111 369.539303 -305.770991 
0888.111 368.770573 -306.195132 
0889.111 368.081745 -306.573105 
0890.111 367.318708 -306.931490 
0891.111 366.658674 -307.175585 
0892.111 365.939094 -307.451984 
0893.111 365.234497 -307.727125 
0894.111 364.480269 -307.938340 
0895.111 363.729402 -308.174675 
0896.111 362.930668 -308.432977 
0897.111 362.350115 -308.616458 
0898.111 361.658889 -308.854216 
0899.111 360.972740 -309.065449 
0900.111 360.174904 -309.313035 
0901.111 359.609548 -309.500735 
0902.111 358.900734 -309.735424 
0903.111 358.181863 -309.997239 
0904.111 357.378055 -310.245539 
0905.111 356.479513 -310.550337 
0906.111 355.645799 -310.789000 
0907.111 354.968200 -310.958823 
0908.111 354.189922 -311.209619 
0909.111 353.538062 -311.452941 
0910.111 352.710318 -311.827800 
0911.111 351.909245 -312.088675 
0912.111 351.067981 -312.402278 
0913.111 350.517337 -312.614008 
0914.111 349.690731 -313.028955 
0915.111 348.936198 -313.457988 
0916.111 348.271294 -313.863230 
0917.111 347.572770 -314.216503 
0918.111 346.868905 -314.535515 
0919.111 346.301459 -314.778130 
0920.111 345.546734 -315.059484 
0921.111 344.788899 -315.425124 
0922.111 344.107089 -315.761329 
0923.111 343.530951 -316.090510 
0924.111 342.858226 -316.393468 
0925.111 342.236800 -316.640916 
0926.111 341.420492 -316.962037 
0927.111 340.699166 -317.214525 
0928.111 339.929843 -317.457012 
0929.111 339.081249 -317.746699 
0930.111 338.276812 -318.049622 
0931.111 337.482590 -318.325248 
0932.111 336.657612 -318.603768 
0933.111 335.968615 -318.858853 
0934.111 335.143225 -319.128048 
0935.111 334.564902 -319.430576 
0936.111 333.898554 -319.828594 
0937.111 333.223688 -320.192765 
0938.111 332.518816 -320.607308 
0939.111 331.832301 -321.113541 
0940.111 331.117613 -321.580450 
0941.111 330.403618 -321.976694 
0942.111 329.625217 -322.320796 
0943.111 328.973064 -322.571880 
0944.111 328.242777 -322.843925 
0945.111 327.582737 -323.030540 
0946.111 326.718862 -323.256709 
0947.111 325.909811 -323.467907 
0948.111 325.072468 -323.686535 
0949.111 324.458019 -323.772593 
0950.111 323.583591 -323.984038 
0951.111 322.688465 -324.319018 
0952.111 321.934618 -324.543373 
0953.111 321.267460 -324.780953 
0954.111 320.483444 -324.992956 
0955.111 319.804901 -325.156520 
0956.111 318.977672 -325.365879 
0957.111 318.297628 -325.519108 
0958.111 317.466414 -325.722785 
0959.111 316.678416 -326.001923 
0960.111 315.948043 -326.241913 
0961.111 315.095033 -326.650073 
0962.111 314.389235 -326.950129 
0963.111 313.639789 -327.196536 
0964.111 312.794013 -327.450418 
0965.111 312.220981 -327.615971 
0966.111 311.488089 -327.885813 
0967.111 310.871676 -328.069709 
0968.111 310.135634 -328.274292 
0969.111 309.324832 -328.429214 
0970.111 308.639789 -328.607069 
0971.111 307.849938 -328.834648 
0972.111 307.032631 -329.096555 
0973.111 306.342409 -329.330627 
0974.111 305.621724 -329.624577 
0975.111 304.786922 -330.006246 
0976.111 304.040923 -330.263615 
0977.111 303.439401 -330.493616 
0978.111 302.593956 -330.836199 
0979.111 302.021979 -330.938644 
0980.111 301.286274 -331.200577 
0981.111 300.509205 -331.536666 
0982.111 299.839253 -331.931805 
0983.111 298.969409 -332.238436 
0984.111 298.199249 -332.530932 
0985.111 297.382678 -332.882159 
0986.111 296.575616 -333.213214 
0987.111 295.693726 -333.609280 
0988.111 294.976271 -333.986625 
0989.111 294.158288 -334.434483 
0990.111 293.114996 -334.529301 
0991.111 292.558062 -334.715765 
0992.111 291.746696 -335.055144 
0993.111 291.120774 -335.231269 
0994.111 290.312642 -335.407066 
0995.111 289.254966 -335.505446 
0996.111 288.489623 -335.703093 
0997.111 287.846502 -335.825036 
0998.111 287.182392 -336.013887 
0999.111 286.356846 -336.111435 
1000.111 285.497470 -336.298757 
1001.111 284.920944 -336.669210 
1002.111 284.217871 -337.151873 
1003.111 283.749727 -337.482243 
1004.111 283.172893 -338.061810 
1005.111 282.447360 -338.306830 
1006.111 281.677579 -338.539993 
1007.111 280.840499 -338.487192 
1008.111 280.400007 -338.666756 
1009.111 279.446166 -339.315427 
1010.111 278.852990 -339.691682 
1011.111 277.987442 -340.029498 
1012.111 277.279496 -340.186868 
1013.111 276.575404 -340.383079 
1014.111 275.905974 -340.720440 
1015.111 275.274868 -341.010868 
1016.111 274.663913 -341.325308 
1017.111 273.869933 -341.674466 
1018.111 273.315233 -341.842551 
1019.111 272.615623 -342.290006 
1020.111 272.080816 -342.537390 
1021.111 271.358146 -342.725751 
1022.111 270.751759 -343.065488 
1023.111 270.097730 -343.385570 
1024.111 269.476609 -343.598000 
1025.111 268.433817 -343.864472 
1026.111 267.791740 -344.074675 
1027.111 267.069397 -344.134529 
1028.111 266.354419 -344.167223 
1029.111 265.877896 -343.798044 
1030.111 264.921059 -342.659198 
1031.111 264.070070 -342.224186 
1032.111 263.383328 -342.401940 
1033.111 262.405034 -342.597106 
1034.111 261.623577 -342.515992 
1035.111 261.047382 -342.575516 
1036.111 260.605123 -342.616000 
1037.111 260.054339 -342.400404 
1038.111 259.625489 -341.772154 
1039.111 259.403476 -341.494603 
1040.111 259.520436 -341.367041 
1041.111 259.376814 -340.719309 
1042.111 259.336026 -340.233489 
1043.111 259.148838 -339.397512 
1044.111 258.483147 -338.456517 
1045.111 257.789908 -337.560525 
1046.111 257.376259 -336.919782 
1047.111 257.060055 -336.217473 
1048.111 256.776935 -335.514603 
1049.111 256.431068 -334.597847 
1050.111 256.139332 -333.821212 
1051.111 255.797360 -332.958863 
1052.111 255.461388 -332.189350 
1053.111 254.877447 -331.129641 
1054.111 254.354356 -330.253709 
1055.111 253.947591 -329.423391 
1056.111 253.812866 -328.958780 
1057.111 253.642816 -328.253846 
1058.111 253.576797 -327.977890 
1059.111 253.533853 -327.727246 
1060.111 253.178494 -326.778999 
1061.111 252.518672 -325.516619 
1062.111 252.205496 -325.013369 
1063.111 252.026666 -324.790614 
1064.111 251.965874 -324.725616 
1065.111 251.839503 -324.594264 
1066.111 251.215107 -323.852016 
1067.111 251.219407 -323.167694 
1068.111 251.069348 -322.348119 
1069.111 250.701949 -321.483398 
1070.111 250.386571 -320.741712 
1071.111 250.138741 -320.341167 
1072.111 249.885652 -319.874597 
1073.111 249.516769 -318.335627 
1074.111 249.218093 -316.799150 
1075.111 249.067075 -316.013505 
1076.111 249.045602 -315.772923 
1077.111 249.027936 -315.559959 
1078.111 248.971021 -315.242204 
1079.111 248.897954 -314.982149 
1080.111 248.825142 -314.730226 
1081.111 248.698933 -314.130792 
1082.111 248.564503 -313.016416 
1083.111 248.328873 -311.513759 
1084.111 247.986879 -310.730198 
1085.111 247.385531 -309.904917 
1086.111 246.958358 -309.038193 
1087.111 246.608981 -307.732545 
1088.111 246.235360 -306.657236 
1089.111 245.772949 -305.850092 
1090.111 245.565398 -305.075444 
1091.111 245.290403 -303.504021 
1092.111 245.712283 -302.713345 
1093.111 247.077725 -302.044216 
1094.111 247.767157 -301.569000 
1095.111 248.559954 -301.288353 
1096.111 249.324083 -301.180126 
1097.111 249.690072 -300.986070 
1098.111 250.569238 -300.850626 
1099.111 250.966042 -300.552965 
1100.111 251.511080 -300.276483 
1101.111 252.311299 -300.033094 
1102.111 252.833927 -299.728098 
1103.111 253.411187 -299.161807 
1104.111 254.075956 -298.839258 
1105.111 254.772663 -298.581810 
1106.111 255.313074 -298.288542 
1107.111 255.901519 -297.808379 
1108.111 256.488162 -297.476089 
1109.111 257.057015 -297.003855 
1110.111 257.537382 -296.488988 
1111.111 258.472471 -296.044511 
1112.111 259.021297 -295.685657 
1113.111 259.914252 -295.307733 
1114.111 260.605824 -294.968885 
1115.111 261.243712 -294.674246 
1116.111 261.886926 -294.390769 
1117.111 262.590125 -294.154708 
1118.111 263.207808 -293.889035 
1119.111 263.852793 -293.349553 
1120.111 264.377066 -293.092858 
1121.111 264.998419 -292.971109 
1122.111 265.650813 -292.817930 
1123.111 266.491728 -292.602340 
1124.111 267.088357 -292.520188 
1125.111 267.670796 -292.426573 
1126.111 268.330977 -292.367000 
1127.111 269.003078 -292.223907 
1128.111 269.554786 -292.034933 
1129.111 270.367406 -291.764430 
1130.111 271.096635 -291.481815 
1131.111 271.915043 -291.253707 
1132.111 272.828632 -290.974729 
1133.111 273.529930 -290.697513 
1134.111 274.240325 -290.404134 
1135.111 275.117400 -290.089649 
1136.111 275.725447 -289.915180 
1137.111 276.549804 -289.652942 
1138.111 277.200243 -289.375090 
1139.111 277.822485 -288.882049 
1140.111 278.137816 -288.243907 
1141.111 278.170177 -287.197905 
1142.111 278.207831 -286.446454 
1143.111 278.202975 -285.860537 
1144.111 278.229460 -284.961436 
1145.111 277.940525 -285.146000 
1146.111 277.637019 -285.218243 
1147.111 276.581351 -284.471643 
1148.111 276.410409 -284.037901 
1149.111 275.967677 -283.398511 
1150.111 275.796129 -282.811043 
1151.111 275.529343 -281.552066 
1152.111 275.342706 -280.814726 
1153.111 275.099701 -280.009469 
1154.111 275.035981 -279.251780 
1155.111 275.041954 -278.124037 
1156.111 274.989797 -277.296212 
1157.111 274.639075 -276.285841 
1158.111 274.176748 -275.565292 
1159.111 273.751516 -274.844896 
1160.111 273.476527 -274.204787 
1161.111 273.132163 -273.336502 
1162.111 272.942292 -272.620978 
1163.111 272.691758 -271.580865 
1164.111 272.576852 -270.816008 
1165.111 272.392095 -269.849997 
1166.111 272.233055 -269.044749 
1167.111 271.956399 -268.215039 
1168.111 271.632620 -267.528661 
1169.111 271.357452 -266.892743 
1170.111 271.082722 -266.166327 
1171.111 270.705952 -265.243852 
1172.111 270.396574 -264.410293 
1173.111 270.267983 -263.785215 
1174.111 269.918392 -263.182080 
1175.111 269.588356 -262.349624 
1176.111 269.321420 -261.667293 
1177.111 269.009516 -260.882224 
1178.111 268.720452 -260.278801 
1179.111 268.439698 -259.741024 
1180.111 268.186813 -259.240831 
1181.111 267.924776 -258.281348 
1182.111 267.765099 -257.522399 
1183.111 267.498778 -256.894496 
1184.111 267.263464 -256.377524 
1185.111 267.049761 -255.619173 
1186.111 266.838210 -254.999300 
1187.111 266.583138 -254.402693 
1188.111 266.278581 -253.821424 
1189.111 265.896463 -253.104200 
1190.111 265.506091 -252.553181 
1191.111 265.241604 -251.921964 
1192.111 265.023227 -251.128324 
1193.111 264.838745 -250.387922 
1194.111 264.697725 -249.674382 
1195.111 264.495469 -248.724894 
1196.111 264.327352 -248.003673 
1197.111 264.109733 -247.159085 
1198.111 263.954696 -246.366840 
1199.111 263.755554 -245.589275 
1200.111 263.551408 -244.880291 
1201.111 263.348193 -244.036619 
1202.111 263.105541 -243.309450 
1203.111 262.781723 -242.575031 
1204.111 262.449467 -241.913093 
1205.111 262.145395 -241.133553 
1206.111 261.863366 -240.550471 
1207.111 261.558299 -239.758986 
1208.111 261.355171 -239.142124 
1209.111 261.158978 -238.602903 
1210.111 261.017684 -237.832031 
1211.111 260.501026 -237.359002 
1212.111 260.066075 -236.895729 
1213.111 259.820055 -236.056960 
1214.111 259.731709 -235.208407 
1215.111 259.347639 -234.497841 
1216.111 259.423293 -233.479872 
1217.111 258.932621 -233.118874 
1218.111 258.472815 -232.548480 
1219.111 257.885120 -231.919016 
1220.111 257.411821 -231.472955 
1221.111 256.864934 -230.600681 
1222.111 256.181189 -230.217002 
1223.111 255.619404 -229.824538 
1224.111 255.009349 -229.514358 
1225.111 254.435324 -228.849073 
1226.111 253.832466 -228.448933 
1227.111 252.977954 -227.998378 
1228.111 252.362131 -227.489537 
1229.111 251.822245 -227.104299 
1230.111 251.227717 -226.578162 
1231.111 250.453921 -226.041206 
1232.111 249.850920 -225.648408 
1233.111 249.203609 -225.257762 
1234.111 248.593655 -224.814499 
1235.111 247.684201 -224.481771 
1236.111 247.009254 -224.451042 
1237.111 246.272190 -224.473000 
1238.111 245.598648 -224.596399 
1239.111 244.849976 -224.640061 
1240.111 244.203269 -224.829447 
1241.111 243.530358 -225.198147 
1242.111 242.873956 -225.363164 
1243.111 242.019647 -225.768312 
1244.111 241.271715 -226.134823 
1245.111 240.631598 -226.280573 
1246.111 239.922244 -226.435785 
1247.111 239.151084 -226.822981 
1248.111 238.433805 -227.082631 
1249.111 237.562079 -227.294079 
1250.111 236.946910 -227.408230 
1251.111 236.163338 -227.539128 
1252.111 235.486355 -227.714890 
1253.111 234.692793 -227.935635 
1254.111 233.939618 -228.017549 
1255.111 233.222600 -228.191921 
1256.111 232.504135 -228.493825 
1257.111 231.690681 -228.698334 
1258.111 230.990911 -228.850884 
1259.111 230.095104 -229.111504 
1260.111 229.406421 -229.377288 
1261.111 228.675762 -229.641663 
1262.111 227.966820 -229.789504 
1263.111 227.143094 -229.993141 
1264.111 226.421046 -230.219636 
1265.111 225.759937 -230.385743 
1266.111 225.016049 -230.497149 
1267.111 224.171701 -230.700686 
1268.111 223.517843 -230.887307 
1269.111 222.841261 -231.117283 
1270.111 222.203293 -231.303694 
1271.111 221.489232 -231.636659 
1272.111 220.797686 -231.824000 
1273.111 219.753751 -231.868466 
1274.111 218.751258 -231.621611 
1275.111 218.108417 -231.140316 
1276.111 217.618782 -231.100004 
1277.111 217.283382 -230.903852 
1278.111 216.971620 -230.093010 
1279.111 216.843222 -229.310581 
1280.111 216.646799 -228.797389 
1281.111 216.437000 -228.013568 
1282.111 216.325326 -227.278546 
1283.111 216.222178 -226.662822 
1284.111 216.063441 -225.914047 
1285.111 215.793481 -225.218670 
1286.111 215.499553 -224.521599 
1287.111 215.421001 -223.768913 
1288.111 215.139131 -222.911689 
1289.111 214.935075 -221.938260 
1290.111 214.611687 -221.167907 
1291.111 214.230214 -220.173532 
1292.111 213.931698 -219.346006 
1293.111 213.691769 -218.531020 
1294.111 213.513868 -217.812033 
1295.111 213.250020 -216.790533 
1296.111 212.770044 -215.907253 
1297.111 211.381422 -214.488488 
1298.111 210.480306 -213.443519 
1299.111 210.529080 -212.611283 
1300.111 210.987126 -212.042106 
1301.111 210.911961 -211.457983 
1302.111 210.631746 -211.162604 
1303.111 210.465794 -210.213179 
1304.111 211.016556 -209.908164 
1305.111 210.941676 -209.599425 
1306.111 210.879700 -209.012585 
1307.111 211.017392 -208.070828 
1308.111 211.036956 -207.584972 
1309.111 210.846457 -205.795850 
1310.111 210.933213 -204.984905 
1311.111 211.198565 -204.139166 
1312.111 211.301742 -203.485184 
1313.111 211.308517 -202.765826 
1314.111 211.211137 -201.971694 
1315.111 211.038828 -201.136236 
1316.111 210.932962 -200.567398 
1317.111 210.829447 -200.017981 
1318.111 210.621093 -199.462810 
1319.111 210.010744 -198.548956 
1320.111 209.710865 -197.833074 
1321.111 209.674000 -197.541272 
1322.111 209.908267 -197.410226 
1323.111 209.547194 -196.977529 
1324.111 209.063579 -196.265230 
1325.111 208.547102 -195.424242 
1326.111 208.321302 -194.623822 
1327.111 207.778394 -193.965609 
1328.111 207.396073 -193.273094 
1329.111 206.937567 -192.303765 
1330.111 206.643562 -191.779145 
1331.111 205.880053 -190.682254 
1332.111 205.276791 -189.852692 
1333.111 204.789127 -189.177994 
1334.111 204.145290 -188.333775 
1335.111 203.812348 -187.950082 
1336.111 203.248047 -187.306415 
1337.111 202.921374 -186.639306 
1338.111 202.504248 -185.670557 
1339.111 201.714778 -185.043167 
1340.111 201.003296 -184.415275 
1341.111 200.128968 -183.534591 
1342.111 199.868659 -183.017852 
1343.111 199.717795 -182.295715 
1344.111 199.401852 -181.333415 
1345.111 199.277299 -180.636943 
1346.111 198.889841 -179.776885 
1347.111 198.820000 -179.093142 
1348.111 198.961246 -178.353486 
1349.111 199.473757 -177.342811 
1350.111 199.830645 -176.738280 
1351.111 200.076816 -175.955154 
1352.111 200.294469 -175.206766 
1353.111 201.137630 -174.712228 
1354.111 201.834195 -174.533702 
1355.111 202.468829 -174.244448 
1356.111 203.226662 -173.902951 
1357.111 203.887967 -173.276732 
1358.111 204.566665 -172.877766 
1359.111 205.363475 -172.257659 
1360.111 205.986155 -171.775391 
1361.111 206.743164 -171.616151 
1362.111 207.366627 -171.167320 
1363.111 208.256685 -170.741425 
1364.111 208.848639 -170.520171 
1365.111 209.928195 -170.367656 
1366.111 210.325324 -170.147143 
1367.111 210.956545 -169.801169 
1368.111 211.761784 -169.587882 
1369.111 212.806590 -169.356587 
1370.111 213.562537 -169.199558 
1371.111 214.536715 -169.015617 
1372.111 215.288922 -168.857396 
1373.111 216.148098 -168.588567 
1374.111 216.892511 -168.395999 
1375.111 217.582716 -168.294634 
1376.111 218.284962 -168.214982 
1377.111 219.053925 -168.107077 
1378.111 219.697362 -167.957282 
1379.111 220.626556 -167.670124 
1380.111 221.291310 -167.475215 
1381.111 222.050653 -167.295571 
1382.111 222.696014 -167.142960 
1383.111 223.584968 -166.984164 
1384.111 224.379583 -166.953277 
1385.111 225.093179 -166.854043 
1386.111 225.924284 -166.785742 
1387.111 226.950589 -166.744986 
1388.111 227.726240 -166.659239 
1389.111 228.658528 -166.726000 
1390.111 229.450616 -166.800000 
1391.111 230.236184 -166.940788 
1392.111 230.911097 -167.096728 
1393.111 231.630891 -167.334284 
1394.111 232.245847 -167.609017 
1395.111 233.269546 -167.980049 
1396.111 233.979262 -168.292227 
1397.111 234.735669 -168.681482 
1398.111 235.373393 -169.082814 
1399.111 236.066776 -169.616770 
1400.111 236.661092 -170.057703 
1401.111 237.308167 -170.573332 
1402.111 237.845112 -171.037695 
1403.111 238.486760 -171.524592 
1404.111 238.980453 -172.097406 
1405.111 239.455289 -172.782913 
1406.111 239.885104 -173.406869 
1407.111 240.362838 -174.181295 
1408.111 240.817833 -174.732262 
1409.111 241.507843 -175.361083 
1410.111 242.128435 -175.716140 
1411.111 242.793707 -176.167687 
1412.111 243.506844 -176.515278 
1413.111 244.314285 -176.849505 
1414.111 245.009368 -177.020000 
1415.111 246.010808 -176.996765 
1416.111 246.754666 -176.809970 
1417.111 247.746733 -176.801841 
1418.111 248.499860 -176.800609 
1419.111 249.200476 -176.681341 
1420.111 249.808501 -176.451448 
1421.111 250.571935 -176.180777 
1422.111 251.196740 -176.017555 
1423.111 252.129917 -175.781867 
1424.111 252.757842 -175.595215 
1425.111 253.470052 -175.334568 
1426.111 254.162615 -175.043164 
1427.111 255.008676 -174.697785 
1428.111 255.723734 -174.388532 
1429.111 256.676206 -173.955766 
1430.111 257.442232 -173.617157 
1431.111 258.287107 -173.277062 
1432.111 258.937055 -172.992646 
1433.111 259.761679 -172.579972 
1434.111 260.448881 -172.269097 
1435.111 261.204214 -171.935605 
1436.111 262.043345 -171.615617 
1437.111 262.721581 -171.380235 
1438.111 263.380708 -171.084553 
1439.111 264.040694 -170.446626 
1440.111 264.529638 -169.873355 
1441.111 265.129425 -169.339922 
1442.111 265.735626 -168.971398 
1443.111 266.497889 -168.373910 
1444.111 266.957699 -167.784096 
1445.111 267.551816 -167.372302 
1446.111 267.437953 -167.200776 
1447.111 270.470487 -167.800590 
1448.111 270.840796 -167.873625 
1449.111 271.880549 -167.575368 
1450.111 272.561950 -167.276738 
1451.111 273.421183 -166.902204 
1452.111 274.005015 -166.467109 
1453.111 274.635707 -166.140035 
1454.111 275.163948 -165.522700 
1455.111 275.828821 -164.996676 
1456.111 276.551417 -164.914917 
1457.111 277.348230 -164.353650 
1458.111 278.038349 -163.974200 
1459.111 278.946203 -164.134000 
1460.111 279.756879 -164.290461 
1461.111 280.648262 -164.352551 
1462.111 281.356582 -164.132820 
1463.111 282.103252 -163.821592 
1464.111 282.777654 -163.686545 
1465.111 283.568614 -163.472209 
1466.111 284.331271 -163.246148 
1467.111 285.300077 -163.075271 
1468.111 285.869606 -162.638099 
1469.111 286.399151 -161.448910 
1470.111 287.136680 -161.242693 
1471.111 288.077774 -160.690788 
1472.111 288.590780 -160.278026 
1473.111 289.129184 -159.801693 
1474.111 289.743266 -159.398460 
1475.111 290.444404 -159.082541 
1476.111 291.127123 -158.806623 
1477.111 292.005855 -159.286742 
1478.111 292.576297 -158.871019 
1479.111 293.315343 -158.573157 
1480.111 293.884291 -158.251266 
1481.111 294.792886 -157.953237 
1482.111 295.602300 -158.126578 
1483.111 296.339771 -157.875813 
1484.111 296.983032 -157.607187 
1485.111 297.851883 -157.211928 
1486.111 298.595057 -157.021338 
1487.111 299.462728 -156.891340 
1488.111 300.105110 -156.505224 
1489.111 300.413365 -155.703844 
1490.111 300.515235 -155.854608 
1491.111 300.877744 -155.797696 
1492.111 301.413856 -155.429139 
1493.111 301.944537 -154.695713 
1494.111 302.382075 -154.475052 
1495.111 303.207852 -154.082496 
1496.111 303.837391 -153.678407 
1497.111 304.492242 -153.259393 
1498.111 305.220666 -152.727900 
1499.111 305.628261 -152.479020 
1500.111 306.595637 -152.744635 
1501.111 307.364385 -152.720540 
1502.111 308.141390 -152.507802 
1503.111 308.807375 -152.280489 
1504.111 309.660630 -152.059782 
1505.111 310.554062 -151.686766 
1506.111 311.361215 -151.400125 
1507.111 312.201992 -151.115917 
1508.111 312.913467 -150.916095 
1509.111 313.904474 -151.063182 
1510.111 314.893915 -151.148148 
1511.111 315.865748 -151.355868 
1512.111 316.625698 -151.387189 
1513.111 317.341168 -151.555371 
1514.111 318.306016 -151.772208 
1515.111 319.465572 -151.741076 
1516.111 320.258666 -151.656972 
1517.111 320.965589 -151.370364 
1518.111 321.641200 -151.046211 
1519.111 322.414117 -150.669593 
1520.111 323.140440 -150.497731 
1521.111 323.807680 -149.796462 
1522.111 324.524212 -149.691838 
1523.111 325.102007 -149.360421 
1524.111 325.713984 -149.100521 
1525.111 326.554949 -148.619779 
1526.111 327.194222 -148.303418 
1527.111 327.853073 -147.900745 
1528.111 328.667505 -147.697688 
1529.111 329.161360 -147.112155 
1530.111 329.820163 -146.597137 
1531.111 330.547853 -145.887447 
1532.111 331.054539 -145.362708 
1533.111 331.661481 -144.632198 
1534.111 332.271155 -143.766654 
1535.111 332.653441 -142.841706 
1536.111 332.541391 -142.753947 
1537.111 337.516709 -142.005939 
1538.111 338.484255 -141.375544 
1539.111 339.092030 -141.031231 
1540.111 339.844133 -140.673224 
1541.111 340.377527 -140.546323 
1542.111 341.018865 -140.499129 
1543.111 341.583076 -140.570506 
1544.111 342.323853 -140.736267 
1545.111 342.901684 -140.934381 
1546.111 343.511432 -141.128283 
1547.111 344.044882 -141.673406 
1548.111 344.250678 -142.054772 
1549.111 344.335559 -142.331815 
1550.111 344.366786 -142.550691 
1551.111 344.729420 -142.747337 
1552.111 344.698170 -142.148674 
1553.111 344.942345 -140.260666 
1554.111 345.595523 -139.960608 
1555.111 346.304571 -139.521587 
1556.111 346.782538 -139.063512 
1557.111 347.496866 -138.706174 
1558.111 348.183718 -138.444450 
1559.111 348.880788 -138.144187 
1560.111 349.498460 -137.917314 
1561.111 350.124441 -137.648771 
1562.111 350.663050 -137.215295 
1563.111 351.235516 -136.697956 
1564.111 351.645325 -135.922129 
1565.111 351.875268 -134.988671 
1566.111 351.985098 -134.290355 
1567.111 352.285707 -133.523286 
1568.111 352.864999 -133.278547 
1569.111 353.776562 -133.158770 
1570.111 354.483161 -133.103000 
1571.111 355.238731 -133.117723 
1572.111 355.878342 -133.100476 
1573.111 356.979704 -132.919339 
1574.111 357.480559 -132.563802 
1575.111 358.118145 -132.109559 
1576.111 358.591046 -131.738720 
1577.111 359.377141 -131.297215 
1578.111 360.211205 -131.029000 
1579.111 360.972360 -130.793425 
1580.111 359.449210 -129.514484 
1581.111 358.979968 -128.807327 
1582.111 359.743685 -128.715167 
1583.111 360.639150 -128.540191 
1584.111 361.454823 -128.183694 
1585.111 362.297786 -127.728131 
1586.111 363.123489 -127.502578 
1587.111 364.080585 -127.455352 
1588.111 364.760031 -127.289193 
1589.111 365.453665 -126.829689 
1590.111 366.266300 -126.669432 
1591.111 367.271531 -126.628498 
1592.111 368.012883 -126.445061 
1593.111 368.884021 -126.078212 
1594.111 369.627589 -125.669313 
1595.111 370.413458 -125.437531 
1596.111 371.258690 -125.222402 
1597.111 372.350377 -124.985724 
1598.111 373.134836 -124.764593 
1599.111 373.916803 -124.648795 
1600.111 374.612282 -124.223371 
1601.111 375.385159 -123.777339 
1602.111 376.113204 -123.637736 
1603.111 377.009718 -123.382797 
1604.111 377.641763 -123.142943 
1605.111 378.119916 -122.572926 
1606.111 378.933283 -122.232765 
1607.111 379.780694 -122.096811 
1608.111 380.621963 -121.956294 
1609.111 381.248110 -121.723967 
1610.111 381.904128 -121.406073 
1611.111 382.895301 -121.096376 
1612.111 383.635832 -120.835894 
1613.111 384.295476 -120.543436 
1614.111 384.991493 -120.268496 
1615.111 385.835834 -119.970559 
1616.111 386.612058 -119.802823 
1617.111 387.467546 -119.649624 
1618.111 387.873418 -119.498725 
1619.111 388.801653 -119.123758 
1620.111 389.476308 -118.842920 
1621.111 390.021866 -118.134718 
1622.111 390.517710 -117.410325 
1623.111 391.344639 -117.485260 
1624.111 391.909311 -116.628129 
1625.111 392.654533 -115.747187 
1626.111 393.201045 -115.377713 
1627.111 394.028955 -115.028940 
1628.111 394.573004 -114.402813 
1629.111 395.453655 -114.105144 
1630.111 396.005225 -113.959472 
1631.111 397.006561 -113.742932 
1632.111 397.852039 -113.641520 
1633.111 398.776895 -113.357324 
1634.111 399.578361 -113.282616 
1635.111 400.426544 -113.821244 
1636.111 401.207288 -113.984871 
1637.111 401.647921 -113.438692 
1638.111 402.342599 -113.404443 
1639.111 403.207763 -113.578834 
1640.111 403.899824 -113.521235 
1641.111 404.816722 -113.400936 
1642.111 405.461017 -113.811038 
1643.111 405.811350 -113.723669 
1644.111 406.347739 -113.777066 
1645.111 407.094763 -114.763581 
1646.111 407.936884 -115.938474 
1647.111 409.606129 -117.814384 
1648.111 410.161796 -118.564376 
1649.111 412.485112 -120.206184 
1650.111 412.335402 -120.690119 
1651.111 411.980318 -121.012112 
1652.111 411.927188 -122.444573 
1653.111 412.826471 -123.904253 
1654.111 413.534287 -124.783528 
1655.111 413.684123 -125.320983 
1656.111 413.981208 -126.074478 
1657.111 414.315971 -126.706285 
1658.111 414.904691 -127.719186 
1659.111 415.626382 -128.829437 
1660.111 416.467763 -129.976011 
1661.111 417.904832 -131.755797 
1662.111 419.682404 -133.552216 
1663.111 420.542409 -134.417609 
1664.111 420.908800 -135.873142 
1665.111 420.305000 -136.047000 
1666.111 420.072574 -136.359404 
1667.111 419.894111 -136.734164 
1668.111 419.710469 -137.292729 
1669.111 419.662897 -137.795979 
1670.111 419.517195 -138.590572 
1671.111 419.469170 -139.282991 
1672.111 419.534713 -139.967657 
1673.111 419.677007 -140.759306 
1674.111 419.750348 -141.482305 
1675.111 419.790438 -142.671421 
1676.111 419.879888 -143.397432 
1677.111 420.148284 -144.254200 
1678.111 420.498307 -145.064222 
1679.111 420.929199 -145.967426 
1680.111 421.328309 -146.811560 
1681.111 421.700431 -147.703880 
1682.111 421.934090 -148.463336 
1683.111 422.035759 -149.184485 
1684.111 422.079665 -149.989608 
1685.111 422.174642 -150.909501 
1686.111 422.238405 -151.558449 
1687.111 422.193175 -152.229450 
1688.111 422.182897 -153.032505 
1689.111 422.332446 -154.150415 
1690.111 422.623448 -155.296554 
1691.111 422.583236 -156.118318 
1692.111 422.392081 -156.658587 
1693.111 422.441044 -157.847458 
1694.111 422.727664 -158.769744 
1695.111 422.871279 -159.826363 
1696.111 422.566402 -160.156117 
1697.111 422.723362 -160.780055 
1698.111 422.772983 -161.309293 
1699.111 423.054342 -162.243409 
1700.111 423.283677 -162.883459 
1701.111 423.553183 -163.628015 
1702.111 423.771623 -164.206358 
1703.111 423.951367 -164.881239 
1704.111 424.144502 -165.497935 
1705.111 424.332910 -166.297213 
1706.111 424.458843 -166.917121 
1707.111 424.622751 -167.704207 
1708.111 424.796299 -168.467457 
1709.111 425.030377 -169.252379 
1710.111 425.345914 -169.934536 
1711.111 425.569735 -170.600029 
1712.111 425.643535 -170.809758 
1713.111 425.716935 -171.010122 
1714.111 425.787543 -171.194988 
1715.111 425.877189 -171.418662 
1716.111 425.949649 -171.590754 
1717.111 426.039941 -171.795080 
1718.111 426.111011 -171.948767 
1719.111 426.192963 -172.119175 
1720.111 426.266787 -172.267346 
1721.111 426.364049 -172.456303 
1722.111 426.445325 -172.609938 
1723.111 426.551269 -172.806001 
1724.111 426.642006 -172.971351 
1725.111 426.749134 -173.164797 
1726.111 426.847234 -173.341178 
1727.111 426.976726 -173.574033 
1728.111 427.086524 -173.772250 
1729.111 427.231021 -174.035011 
1730.111 427.350990 -174.255259 
1731.111 427.518931 -174.567240 
1732.111 427.655311 -174.823944 
1733.111 427.818321 -175.134821 
1734.111 427.973958 -175.435741 
1735.111 428.179238 -175.838651 
1736.111 428.354663 -176.188184 
1737.111 428.563806 -176.610892 
1738.111 428.815201 -177.130798 
1739.111 429.265688 -178.079006 
1740.111 429.803192 -179.220257 
1741.111 430.615250 -180.955175 
1742.111 431.375151 -182.586852 
1743.111 432.381785 -184.758373 
1744.111 433.287147 -186.720637 
1745.111 434.311758 -188.952152 
1746.111 435.191931 -190.879088 
1747.111 436.222763 -193.149450 
1748.111 437.098334 -195.091787 
1749.111 438.095397 -197.323821 
1750.111 438.895567 -199.136298 
1751.111 439.601711 -200.758718 
1752.111 440.226267 -202.221527 
1753.111 440.899665 -203.853117 
1754.111 441.282874 -204.839462 
1755.111 441.587105 -205.735241 
1756.111 441.786318 -206.280931 
1757.111 442.074643 -206.909357 
1758.111 442.358003 -207.508031 
1759.111 442.696752 -208.168735 
1760.111 442.942401 -208.772200 
1761.111 443.134647 -209.359249 
1762.111 443.375111 -209.936264 
1763.111 443.576101 -210.542572 
1764.111 443.777936 -211.300957 
1765.111 443.925033 -212.266761 
1766.111 444.091114 -212.871044 
1767.111 444.323443 -213.604787 
1768.111 444.552430 -214.189290 
1769.111 444.816056 -214.907170 
1770.111 444.955865 -215.576457 
1771.111 445.093033 -216.509827 
1772.111 445.218066 -217.238458 
1773.111 445.478431 -217.868288 
1774.111 445.749505 -218.518193 
1775.111 446.215634 -219.426671 
1776.111 446.552100 -220.093874 
1777.111 446.971372 -220.922151 
1778.111 447.351602 -221.601433 
1779.111 447.800559 -222.298277 
1780.111 448.146495 -222.886669 
1781.111 448.561480 -223.612150 
1782.111 448.884583 -224.259991 
1783.111 449.244873 -224.888483 
1784.111 449.602574 -225.574645 
1785.111 449.933004 -226.407050 
1786.111 450.251063 -227.017881 
1787.111 450.641649 -227.769095 
1788.111 450.978931 -228.473424 
1789.111 451.408828 -229.176381 
1790.111 451.756410 -229.826240 
1791.111 452.144937 -230.424007 
1792.111 452.447302 -231.065693 
1793.111 452.826817 -231.825862 
1794.111 453.106885 -232.464333 
1795.111 453.515716 -233.129663 
1796.111 453.967961 -233.636139 
1797.111 454.259468 -234.375852 
1798.111 454.567622 -234.993326 
1799.111 454.959366 -235.705439 
1800.111 455.355396 -236.227510 
1801.111 455.756738 -236.794944 
1802.111 455.899195 -237.457778 
1803.111 456.023954 -238.346697 
1804.111 456.248143 -239.086678 
1805.111 456.575971 -239.765219 
1806.111 456.916567 -240.430012 
1807.111 457.204190 -241.008055 
1808.111 457.363140 -241.746060 
1809.111 457.780828 -242.609104 
1810.111 458.259933 -243.214559 
1811.111 458.677911 -243.820784 
1812.111 458.954200 -244.338478 
1813.111 459.235560 -244.938836 
1814.111 459.587502 -245.577521 
1815.111 460.020623 -246.221975 
1816.111 460.425977 -246.805823 
1817.111 460.848505 -247.546872 
1818.111 461.076545 -248.228102 
1819.111 461.150230 -249.090237 
1820.111 461.264954 -249.874058 
1821.111 461.400773 -250.721260 
1822.111 461.623562 -251.349301 
1823.111 461.750213 -251.916369 
1824.111 462.169327 -252.387385 
1825.111 462.470233 -253.029210 
1826.111 462.505672 -253.280481 
1827.111 461.951543 -254.735692 
1828.111 461.626255 -255.071253 
1829.111 460.854944 -255.326675 
1830.111 460.285593 -255.441591 
1831.111 459.562442 -255.815062 
1832.111 459.119424 -256.167085 
1833.111 458.185738 -256.757398 
1834.111 457.650097 -257.237898 
1835.111 457.108748 -257.418826 
1836.111 456.590933 -257.666554 
1837.111 456.046658 -258.292922 
1838.111 455.390254 -258.839628 
1839.111 454.633862 -259.463242 
1840.111 453.878765 -259.796061 
1841.111 453.216870 -259.806670 
1842.111 452.505668 -259.855000 
1843.111 451.874705 -259.916145 
1844.111 451.312961 -260.136208 
1845.111 450.490528 -260.565101 
1846.111 449.880981 -260.859669 
1847.111 449.243937 -261.219640 
1848.111 448.626824 -261.637016 
1849.111 447.968958 -262.026293 
1850.111 447.348308 -262.403926 
1851.111 446.441511 -263.371076 
1852.111 445.856288 -263.907958 
1853.111 444.931724 -264.474806 
1854.111 444.524317 -264.887260 
1855.111 443.843954 -265.083593 
1856.111 443.282220 -265.377974 
1857.111 442.586488 -265.756317 
1858.111 442.056000 -266.028905 
1859.111 441.380785 -266.466476 
1860.111 440.864264 -266.695951 
1861.111 440.105917 -267.058400 
1862.111 439.543204 -267.400107 
1863.111 438.831598 -267.785563 
1864.111 438.032670 -267.942997 
1865.111 437.401857 -268.296241 
1866.111 436.711879 -268.642963 
1867.111 436.397977 -269.217151 
1868.111 436.031315 -269.673883 
1869.111 435.203721 -270.237188 
1870.111 434.891020 -270.531107 
1871.111 434.227406 -270.917553 
1872.111 433.734576 -271.245352 
1873.111 432.851325 -271.473203 
1874.111 432.117951 -271.767656 
1875.111 431.193883 -272.308752 
1876.111 430.463685 -272.604577 
1877.111 429.774937 -273.201544 
1878.111 429.224912 -273.694825 
1879.111 428.674260 -274.098294 
1880.111 428.214110 -274.371328 
1881.111 427.445956 -274.802959 
1882.111 426.786239 -275.298515 
1883.111 426.082453 -275.593732 
1884.111 425.383707 -276.015964 
1885.111 424.486024 -276.891755 
1886.111 423.827227 -277.515290 
1887.111 423.250040 -277.824642 
1888.111 422.514084 -278.300680 
1889.111 421.477414 -279.027614 
1890.111 420.859675 -279.394179 
1891.111 420.034209 -279.809617 
1892.111 419.230236 -280.305142 
1893.111 418.448791 -280.716153 
1894.111 417.900629 -280.831920 
1895.111 417.267623 -281.052479 
1896.111 416.610373 -281.117611 
1897.111 415.895733 -281.446910 
1898.111 415.217834 -281.474840 
1899.111 414.463146 -281.574278 
1900.111 413.780117 -281.781227 
1901.111 413.143023 -282.049260 
1902.111 412.604616 -282.403417 
1903.111 411.907197 -282.753256 
1904.111 411.349835 -283.159977 
1905.111 410.725534 -283.651902 
1906.111 410.081473 -284.086060 
1907.111 409.372267 -284.505644 
1908.111 408.712883 -284.895499 
1909.111 408.019637 -285.309445 
1910.111 407.395087 -285.608633 
1911.111 406.813140 -285.952133 
1912.111 406.126093 -286.310598 
1913.111 405.174320 -286.857204 
1914.111 404.428924 -287.286136 
1915.111 403.697270 -287.579405 
1916.111 402.961029 -287.386748 
1917.111 402.154054 -287.332739 
1918.111 401.485384 -287.478149 
1919.111 400.701886 -287.775419 
1920.111 400.143663 -288.134895 
1921.111 399.467087 -288.559875 
1922.111 398.903232 -288.962790 
1923.111 398.017143 -289.603093 
1924.111 397.347331 -290.138939 
1925.111 396.730427 -290.651592 
1926.111 396.093470 -291.208214 
1927.111 395.438180 -291.583252 
1928.111 394.717066 -291.975830 
1929.111 393.859500 -292.560067 
1930.111 393.166824 -293.117556 
1931.111 392.275362 -293.770822 
1932.111 391.957417 -294.400821 
1933.111 391.142325 -294.946909 
1934.111 390.543486 -295.355827 
1935.111 389.871430 -295.754431 
1936.111 389.280105 -295.970583 
1937.111 388.399957 -296.269266 
1938.111 387.993784 -296.714149 
1939.111 387.489886 -297.027433 
1940.111 386.220153 -297.231954 
1941.111 385.216127 -297.474800 
1942.111 384.661559 -297.647753 
1943.111 383.663240 -297.712393 
1944.111 383.038113 -298.016766 
1945.111 382.476479 -298.456389 
1946.111 381.843958 -298.810878 
1947.111 381.245872 -299.391610 
1948.111 380.758297 -299.730818 
1949.111 380.238582 -300.084691 
1950.111 379.743377 -300.503231 
1951.111 378.997854 -301.223089 
1952.111 378.415178 -301.786744 
1953.111 377.826954 -302.341906 
1954.111 377.318579 -302.848694 
1955.111 376.814926 -303.284143 
1956.111 376.143967 -303.727804 
1957.111 375.473880 -304.068406 
1958.111 374.920235 -304.630417 
1959.111 374.286962 -305.271795 
1960.111 373.821186 -305.627139 
1961.111 373.180939 -306.101466 
1962.111 372.761304 -306.576128 
1963.111 372.152406 -307.145695 
1964.111 371.529115 -307.665037 
1965.111 370.646571 -308.176719 
1966.111 369.940362 -308.730542 
1967.111 369.256218 -309.101032 
1968.111 368.647012 -309.344922 
1969.111 367.970687 -309.507207 
1970.111 367.211176 -309.801592 
1971.111 366.366617 -310.146918 
1972.111 365.806222 -310.502937 
1973.111 365.109899 -310.938713 
1974.111 364.480492 -311.319316 
1975.111 363.804366 -311.629698 
1976.111 363.095429 -311.872647 
1977.111 362.190150 -312.146047 
1978.111 361.428629 -312.367303 
1979.111 360.553365 -312.688290 
1980.111 359.927261 -312.973455 
1981.111 359.037713 -313.292034 
1982.111 358.375616 -313.523264 
1983.111 357.513732 -313.811701 
1984.111 356.771294 -314.043062 
1985.111 356.001162 -314.273645 
1986.111 355.310757 -314.441175 
1987.111 354.557626 -314.660193 
1988.111 354.162389 -314.791948 
1989.111 353.378645 -315.113905 
1990.111 353.011129 -315.066642 
1991.111 351.996143 -315.654187 
1992.111 351.718935 -315.815962 
1993.111 350.458817 -316.447994 
1994.111 349.765515 -316.668331 
1995.111 348.734285 -316.961025 
1996.111 348.059285 -317.155102 
1997.111 347.379448 -317.344400 
1998.111 346.672597 -317.509289 
1999.111 345.807514 -317.961285 
2000.111 345.122750 -318.248428 
2001.111 344.417871 -318.528540 
2002.111 343.674827 -318.650949 
2003.111 342.879035 -318.789332 
2004.111 342.121185 -318.930953 
2005.111 341.120786 -319.218692 
2006.111 340.324990 -319.414451 
2007.111 339.453406 -319.701564 
2008.111 338.712665 -319.870935 
2009.111 337.914964 -320.082117 
2010.111 337.067783 -320.217950 
2011.111 336.202425 -320.387079 
2012.111 335.472024 -320.590572 
2013.111 334.597709 -320.951769 
2014.111 333.909392 -321.146484 
2015.111 333.176223 -321.338501 
2016.111 332.475944 -321.551614 
2017.111 331.595510 -321.813314 
2018.111 330.910906 -322.031805 
2019.111 330.277409 -322.273628 
2020.111 329.543969 -322.518222 
2021.111 328.842385 -322.843348 
2022.111 328.148451 -323.126341 
2023.111 327.427806 -323.387204 
2024.111 326.733749 -323.750419 
2025.111 325.987501 -324.025909 
2026.111 325.226950 -324.263845 
2027.111 324.592660 -324.460930 
2028.111 323.877853 -324.725748 
2029.111 323.107265 -324.970323 
2030.111 322.335909 -325.055626 
2031.111 321.605327 -325.170315 
2032.111 321.004805 -325.472550 
2033.111 320.202801 -325.706857 
2034.111 319.439502 -325.822836 
2035.111 318.613952 -325.904272 
2036.111 317.903417 -326.046235 
2037.111 316.929983 -326.296004 
2038.111 316.196945 -326.471394 
2039.111 315.463387 -326.721390 
2040.111 314.813693 -326.935743 
2041.111 314.100151 -327.197971 
2042.111 313.487451 -327.514053 
2043.111 312.927313 -327.909070 
2044.111 312.395442 -328.280348 
2045.111 311.834452 -328.841876 
2046.111 310.977289 -329.186046 
2047.111 309.984560 -329.389639 
2048.111 309.186502 -329.653251 
2049.111 308.384250 -329.933767 
2050.111 307.651876 -330.216962 
2051.111 306.720576 -330.506107 
2052.111 306.028434 -330.720448 
2053.111 305.262732 -330.972572 
2054.111 304.535709 -331.212615 
2055.111 303.691755 -331.453966 
2056.111 303.031008 -331.730000 
2057.111 302.287518 -331.986885 
2058.111 301.565479 -332.237076 
2059.111 300.778453 -332.611672 
2060.111 300.205783 -332.926831 
2061.111 299.388999 -333.303946 
2062.111 298.264617 -333.337077 
2063.111 297.096510 -333.440228 
2064.111 296.400851 -333.538444 
2065.111 295.625583 -333.868135 
2066.111 294.870492 -334.018041 
2067.111 293.941783 -334.081000 
2068.111 293.220035 -334.199887 
2069.111 292.535418 -334.468982 
2070.111 291.811049 -334.587452 
2071.111 290.898858 -334.962422 
2072.111 290.271569 -335.298625 
2073.111 289.458215 -335.766813 
2074.111 288.794103 -336.007516 
2075.111 288.395911 -336.453036 
2076.111 287.758269 -336.999831 
2077.111 286.927991 -337.339945 
2078.111 286.216649 -337.360244 
2079.111 285.372939 -337.556096 
2080.111 284.675042 -337.732903 
2081.111 283.984962 -338.005686 
2082.111 283.354992 -338.349262 
2083.111 282.710477 -338.890722 
2084.111 282.186881 -339.416018 
2085.111 281.542774 -339.852991 
2086.111 280.887381 -340.206898 
2087.111 280.270400 -340.827561 
2088.111 279.742242 -341.347558 
2089.111 279.064839 -341.594679 
2090.111 278.389160 -341.863305 
2091.111 277.630435 -342.124396 
2092.111 276.857955 -342.284243 
2093.111 275.962269 -342.647791 
2094.111 275.170437 -342.846667 
2095.111 274.477849 -343.046748 
2096.111 273.706221 -343.127144 
2097.111 272.855064 -343.605509 
2098.111 272.694943 -343.793336 
2099.111 272.342131 -344.379243 
2100.111 271.872200 -344.944177 
2101.111 271.265708 -345.172386 
2102.111 270.504689 -345.269004 
2103.111 269.665351 -345.318260 
2104.111 268.890203 -345.470423 
2105.111 268.058823 -345.618041 
2106.111 267.407264 -345.685859 
2107.111 266.596307 -345.779927 
2108.111 265.614503 -346.010986 
2109.111 264.558982 -346.094928 
2110.111 263.538128 -346.058792 
2111.111 262.728258 -345.840303 
2112.111 261.848941 -345.818888 
2113.111 260.838809 -345.326122 
2114.111 259.965775 -344.884743 
2115.111 259.366750 -344.364157 
2116.111 258.789633 -343.821909 
2117.111 257.622973 -342.914170 
2118.111 256.885043 -342.042053 
2119.111 256.376964 -341.297499 
2120.111 255.548948 -340.298793 
2121.111 255.080801 -339.552655 
2122.111 254.620277 -338.820569 
2123.111 254.462064 -338.351811 
2124.111 254.239295 -337.722401 
2125.111 254.781628 -337.539821 
2126.111 255.007256 -337.402771 
2127.111 255.139800 -337.218584 
2128.111 255.238168 -337.063953 
2129.111 255.307658 -336.854979 
2130.111 255.297469 -336.557984 
2131.111 255.190747 -336.080465 
2132.111 254.995994 -335.429262 
2133.111 254.768273 -334.756137 
2134.111 254.427343 -333.822536 
2135.111 254.051776 -332.851052 
2136.111 253.635342 -331.819504 
2137.111 253.125501 -330.606328 
2138.111 252.677063 -329.578809 
2139.111 252.210740 -328.549126 
2140.111 251.758378 -327.592180 
2141.111 251.267491 -326.630285 
2142.111 250.771933 -325.857629 
2143.111 250.486548 -325.208053 
2144.111 250.211995 -324.281412 
2145.111 249.807063 -323.039650 
2146.111 249.542985 -321.862941 
2147.111 249.315431 -320.616614 
2148.111 249.119969 -319.601029 
2149.111 248.898682 -318.831093 
2150.111 248.621996 -318.410528 
2151.111 248.247534 -318.344000 
2152.111 247.773157 -318.084058 
2153.111 247.458783 -317.065606 
2154.111 247.256891 -316.289546 
2155.111 247.063231 -315.973845 
2156.111 246.765788 -315.387744 
2157.111 246.234921 -314.357697 
2158.111 246.002828 -314.021194 
2159.111 245.401397 -312.638944 
2160.111 245.164628 -311.916043 
2161.111 245.039413 -311.442425 
2162.111 244.655047 -310.490007 
2163.111 243.902496 -309.006018 
2164.111 242.897044 -307.095656 
2165.111 241.640671 -304.619440 
2166.111 240.692595 -302.532972 
2167.111 240.019546 -300.663973 
2168.111 239.712625 -299.077495 
2169.111 239.581223 -298.252074 
2170.111 239.413264 -297.848192 
2171.111 239.261266 -297.567900 
2172.111 239.058521 -296.093176 
2173.111 238.864529 -293.784518 
2174.111 239.099124 -293.071076 
2175.111 239.801473 -292.739271 
2176.111 240.535722 -293.205432 
2177.111 241.250750 -293.621900 
2178.111 242.034817 -293.952893 
2179.111 242.963518 -294.211140 
2180.111 243.859645 -294.411894 
2181.111 244.830124 -294.532011 
2182.111 245.714529 -294.439112 
2183.111 246.850455 -294.273477 
2184.111 247.764507 -294.124943 
2185.111 248.492888 -293.972089 
2186.111 249.337038 -293.814323 
2187.111 250.253977 -293.516914 
2188.111 251.136769 -293.222714 
2189.111 251.823670 -293.137344 
2190.111 252.618580 -293.041656 
2191.111 253.535988 -292.911322 
2192.111 254.423147 -292.813444 
2193.111 255.253723 -292.762221 
2194.111 256.135676 -292.542724 
2195.111 257.052414 -292.738000 
2196.111 257.864562 -292.738000 
2197.111 258.768202 -292.722265 
2198.111 259.599590 -292.625198 
2199.111 260.348541 -292.637697 
2200.111 261.225658 -292.521508 
2201.111 261.738187 -292.203334 
2202.111 262.459972 -291.902371 
2203.111 263.361417 -291.854095 
2204.111 264.171337 -291.756680 
2205.111 264.825421 -291.573102 
2206.111 265.555599 -291.306236 
2207.111 266.451834 -290.860028 
2208.111 267.063237 -290.487655 
2209.111 267.857861 -290.097970 
2210.111 268.626286 -289.721712 
2211.111 269.234040 -289.431538 
2212.111 270.076545 -289.129823 
2213.111 270.746771 -288.913521 
2214.111 271.485917 -288.662099 
2215.111 272.212790 -288.231008 
2216.111 272.904579 -287.886452 
2217.111 273.717113 -287.493354 
2218.111 274.294650 -286.787483 
2219.111 274.481806 -286.284844 
2220.111 274.795357 -285.500475 
2221.111 275.381639 -284.783163 
2222.111 275.922613 -284.065361 
2223.111 276.428478 -283.359893 
2224.111 276.895383 -282.729622 
2225.111 277.054930 -282.071953 
2226.111 277.220987 -281.223687 
2227.111 277.473965 -280.360788 
2228.111 277.623529 -279.540982 
2229.111 277.557148 -278.784742 
2230.111 277.490160 -278.066421 
2231.111 277.531025 -277.179770 
2232.111 277.460365 -276.369237 
2233.111 277.125953 -275.898320 
2234.111 276.411358 -275.386505 
2235.111 275.941856 -274.766299 
2236.111 275.620625 -274.139977 
2237.111 275.482003 -273.374896 
2238.111 275.664343 -272.407734 
2239.111 275.470550 -271.726671 
2240.111 275.167841 -270.991653 
2241.111 275.058723 -269.820250 
2242.111 274.777210 -269.172613 
2243.111 274.894104 -268.207958 
2244.111 274.852822 -267.353542 
2245.111 274.680076 -266.691936 
2246.111 274.210285 -266.154580 
2247.111 273.919726 -265.435791 
2248.111 273.258722 -264.886780 
2249.111 273.093386 -264.289682 
2250.111 272.853143 -263.551952 
2251.111 272.665921 -262.792171 
2252.111 272.321692 -262.188368 
2253.111 272.058147 -261.530518 
2254.111 271.881242 -260.828807 
2255.111 271.687736 -259.751527 
2256.111 271.494569 -259.016322 
2257.111 271.301904 -258.210401 
2258.111 271.238113 -257.489019 
2259.111 271.125573 -256.686664 
2260.111 270.814657 -256.047766 
2261.111 270.820483 -255.136578 
2262.111 271.022999 -254.229549 
2263.111 270.911783 -253.431423 
2264.111 270.849468 -252.600004 
2265.111 270.729664 -251.947121 
2266.111 270.503857 -251.273633 
2267.111 270.148173 -250.559240 
2268.111 269.789309 -249.901075 
2269.111 269.483160 -249.302308 
2270.111 268.980064 -248.579958 
2271.111 268.385836 -248.045356 
2272.111 268.030420 -247.396261 
2273.111 267.795615 -246.804422 
2274.111 267.355504 -246.225300 
2275.111 267.023212 -245.493894 
2276.111 266.637917 -244.862770 
2277.111 266.437425 -244.294249 
2278.111 266.251522 -243.494250 
2279.111 265.932266 -242.941626 
2280.111 265.443852 -242.470157 
2281.111 264.385779 -242.036493 
2282.111 263.302397 -241.692025 
2283.111 262.795922 -241.223059 
2284.111 262.470746 -240.510326 
2285.111 262.324410 -239.678682 
2286.111 262.632610 -238.786071 
2287.111 262.325501 -238.013388 
2288.111 261.968149 -237.208882 
2289.111 261.638962 -236.418663 
2290.111 261.404923 -235.563025 
2291.111 261.082249 -234.560376 
2292.111 261.046898 -233.810144 
2293.111 260.480015 -233.401882 
2294.111 259.814285 -232.819219 
2295.111 259.709160 -231.940389 
2296.111 259.913768 -230.689710 
2297.111 259.664639 -230.133515 
2298.111 259.077965 -229.849859 
2299.111 258.157757 -229.659727 
2300.111 257.312067 -229.369575 
2301.111 256.656800 -229.141622 
2302.111 255.646613 -228.949061 
2303.111 254.728920 -228.731433 
2304.111 254.052788 -228.204986 
2305.111 253.635555 -227.819321 
2306.111 253.074449 -227.489474 
2307.111 252.589232 -227.194026 
2308.111 252.006970 -226.783190 
2309.111 251.315139 -226.436463 
2310.111 250.774765 -225.976074 
2311.111 250.174755 -225.673463 
2312.111 249.434154 -225.607118 
2313.111 248.787674 -225.690944 
2314.111 248.132263 -225.872218 
2315.111 247.183718 -225.909124 
2316.111 246.524196 -226.020540 
2317.111 245.874401 -226.073807 
2318.111 244.994572 -225.943774 
2319.111 244.046040 -225.753649 
2320.111 243.242080 -225.910557 
2321.111 242.220912 -226.388715 
2322.111 241.483650 -226.733328 
2323.111 240.625661 -227.004528 
2324.111 239.837948 -227.249680 
2325.111 239.023718 -227.373621 
2326.111 238.317181 -227.705860 
2327.111 237.709343 -228.158585 
2328.111 237.034428 -228.773297 
2329.111 236.218451 -229.342629 
2330.111 235.524051 -229.619903 
2331.111 234.844029 -229.654355 
2332.111 234.029141 -229.626765 
2333.111 233.308189 -229.728028 
2334.111 232.546558 -229.902854 
2335.111 231.708239 -230.290025 
2336.111 231.043183 -230.617429 
2337.111 230.510644 -230.855213 
2338.111 229.825100 -231.099524 
2339.111 229.074993 -231.315655 
2340.111 228.414447 -231.542932 
2341.111 227.739207 -231.732363 
2342.111 227.069554 -231.901603 
2343.111 226.350555 -232.102508 
2344.111 225.609455 -232.334006 
2345.111 224.998560 -232.518714 
2346.111 224.286595 -232.734030 
2347.111 223.619826 -232.902979 
2348.111 222.920872 -233.025391 
2349.111 222.074825 -232.851993 
2350.111 221.297589 -232.787850 
2351.111 220.577073 -232.860908 
2352.111 219.959806 -232.564879 
2353.111 219.280572 -232.132686 
2354.111 218.715078 -231.738593 
2355.111 218.562962 -231.115452 
2356.111 218.278109 -230.385721 
2357.111 218.014765 -229.769061 
2358.111 217.710833 -229.034029 
2359.111 217.464367 -228.309260 
2360.111 217.241380 -227.145654 
2361.111 217.047103 -226.402197 
2362.111 216.732070 -225.762101 
2363.111 216.472598 -225.212716 
2364.111 216.191043 -224.603629 
2365.111 215.849221 -223.876937 
2366.111 215.607279 -223.111388 
2367.111 215.358563 -222.198883 
2368.111 214.523000 -220.883545 
2369.111 213.843843 -219.678064 
2370.111 212.352286 -218.144952 
2371.111 212.093138 -217.373174 
2372.111 212.093000 -216.690432 
2373.111 212.070018 -215.950045 
2374.111 212.213587 -215.338917 
2375.111 212.409736 -215.115273 
2376.111 212.164249 -214.097784 
2377.111 211.315101 -212.815236 
2378.111 210.403307 -211.526584 
2379.111 210.525565 -210.893941 
2380.111 211.003188 -210.733391 
2381.111 210.770998 -210.273612 
2382.111 210.323271 -209.387031 
2383.111 210.214601 -209.146932 
2384.111 209.913648 -208.337438 
2385.111 209.422006 -207.066796 
2386.111 208.830487 -205.639474 
2387.111 208.343471 -204.604717 
2388.111 207.858309 -203.840058 
2389.111 207.738535 -203.635474 
2390.111 207.531232 -203.223106 
2391.111 207.428000 -202.764145 
2392.111 207.294918 -202.335301 
2393.111 207.190953 -201.616320 
2394.111 207.148212 -200.692030 
2395.111 206.924517 -200.173278 
2396.111 206.853080 -199.748331 
2397.111 206.569615 -198.575370 
2398.111 206.065308 -197.287759 
2399.111 205.571493 -196.123544 
2400.111 205.296525 -195.527274 
2401.111 204.994180 -195.033264 
2402.111 204.855703 -194.562679 
2403.111 204.677518 -193.928590 
2404.111 204.532370 -193.563615 
2405.111 204.453160 -193.527985 
2406.111 204.352941 -193.502968 
2407.111 204.255107 -193.475808 
2408.111 204.186492 -193.428134 
2409.111 204.044680 -193.233585 
2410.111 203.659742 -192.791527 
2411.111 203.227081 -192.153266 
2412.111 202.847659 -191.393483 
2413.111 202.603157 -190.828765 
2414.111 202.172318 -190.190043 
2415.111 201.788277 -189.334152 
2416.111 201.450380 -188.271050 
2417.111 201.255414 -187.539153 
2418.111 200.844207 -186.643753 
2419.111 200.574028 -185.934004 
2420.111 200.600845 -185.349006 
2421.111 200.619903 -184.428627 
2422.111 200.350949 -183.773155 
2423.111 200.230473 -183.106995 
2424.111 199.978055 -182.214551 
2425.111 199.732873 -181.111421 
2426.111 199.613764 -180.194899 
2427.111 199.352107 -179.003842 
2428.111 199.119308 -178.079249 
2429.111 198.893488 -177.362252 
2430.111 198.720729 -176.543284 
2431.111 198.485230 -175.795070 
2432.111 198.254875 -175.653367 
2433.111 198.206732 -175.297359 
2434.111 198.144695 -174.143199 
2435.111 198.153654 -173.498086 
2436.111 197.965785 -172.809825 
2437.111 197.980351 -172.192657 
2438.111 198.053390 -171.463322 
2439.111 197.942408 -170.384123 
2440.111 197.688844 -169.249866 
2441.111 197.606961 -168.351256 
2442.111 197.570603 -167.443046 
2443.111 197.559005 -166.774361 
2444.111 197.826882 -166.441207 
2445.111 197.958987 -166.343989 
2446.111 197.941144 -165.151822 
2447.111 197.594456 -164.067847 
2448.111 197.377830 -163.509531 
2449.111 197.222706 -162.998493 
2450.111 197.147081 -162.588794 
2451.111 196.921138 -161.703822 
2452.111 196.939583 -161.251609 
2453.111 196.736686 -160.204652 
2454.111 196.412690 -159.474316 
2455.111 195.949852 -158.551136 
2456.111 195.482030 -157.964645 
2457.111 195.048483 -157.449462 
2458.111 194.356758 -156.840869 
2459.111 194.220986 -155.850747 
2460.111 193.894443 -154.645087 
2461.111 193.509211 -153.678051 
2462.111 193.178096 -152.812231 
2463.111 192.910440 -151.817447 
2464.111 192.709679 -151.508366 
2465.111 192.558577 -150.755616 
2466.111 192.175367 -149.764377 
2467.111 191.735760 -149.226167 
2468.111 190.888398 -149.257029 
2469.111 190.418945 -148.376495 
2470.111 190.059861 -147.638236 
2471.111 189.469524 -147.432693 
2472.111 188.714516 -146.758052 
2473.111 188.045171 -146.442022 
2474.111 187.156005 -145.811933 
